0 16.7355
1 16.7355
2 16.1393
3 16.1393
4 16.1393
5 16.1393
6 15.4963
7 15.4963
8 15.4963
9 15.4093
10 15.2994
11 14.8094
12 13.9506
13 13.9506
14 13.9506
15 13.9506
16 13.9469
17 13.9469
18 13.9469
19 13.9469
20 13.0395
21 13.0395
22 12.6303
23 12.6303
24 12.2075
25 11.5859
26 11.5859
27 11.2104
28 10.1326
29 9.38926
30 8.44083
31 8.44083
32 7.83188
33 7.83188
34 7.3576
35 5.9557
36 5.9557
37 5.9557
38 5.80588
39 5.80588
40 5.80588
41 5.80588
42 5.80588
43 5.80588
44 5.48323
45 4.65977
46 4.65977
47 4.61906
48 4.61906
49 4.61906
50 4.61906
51 4.51193
52 4.51193
53 4.51193
54 3.88204
55 3.88204
56 3.88204
57 3.88204
58 2.54434
59 2.12029
60 1.49764
61 1.49764
62 1.49764
63 0.78881
64 0.536586
65 0.51041
66 0.189826
67 0.189826
68 0.189826
69 0.189826
70 0.189826
71 0.189826
72 0.175486
73 0.0212751
74 0.00027556
75 0.00027556
76 0.00027556
77 0.00027556
78 0.00027556
79 0.00027556
80 0.00027556
81 0.00027556
82 0.00027556
83 0.00027556
84 0.00027556
85 0.00027556
86 0.00027556
87 0.000222308
88 0.000222308
89 3.74544e-05
90 3.74544e-05
91 3.74544e-05
92 3.74544e-05
93 3.74544e-05
94 3.74544e-05
95 3.74544e-05
96 1.681e-07
97 1.681e-07
98 1.681e-07
99 1.681e-07
