0 0.00407854
2 0.00343622
4 0.00444512
6 0.003736
8 0.00469342
10 0.00535527
12 0.00718166
14 0.00739063
16 0.00823366
18 0.0136016
20 0.00846668
22 0.0126629
24 0.0178851
26 0.0155875
28 0.0157764
30 0.01235
32 0.0155748
34 0.0165796
36 0.0189768
38 0.0177196
40 0.0127439
42 0.0130573
44 0.0195795
46 0.0227403
48 0.0283561
50 0.0304606
52 0.0481974
54 0.0424613
56 0.114041
58 0.091806
60 0.194985
62 1.1244
64 2.53815
66 1.83981
68 1.88281
70 4.31854
72 2.75865
74 3.96545
76 3.86612
78 3.62992
80 4.56033
82 3.58441
84 3.7702
86 4.11205
88 4.19825
90 4.41208
92 4.16293
94 3.79261
96 4.05682
98 4.38662
100 3.70339
102 3.87833
104 4.58428
106 3.94703
108 3.27627
110 4.71018
112 4.70504
114 3.18332
116 4.42742
118 3.5873
120 4.5057
122 4.73672
124 4.51948
126 4.74662
128 4.55186
130 3.66289
132 4.69638
134 4.14427
136 3.96278
138 3.87191
140 3.20808
142 4.57725
144 3.66068
146 3.36643
148 4.39145
150 3.92202
152 3.57299
154 4.71182
156 3.85056
158 3.36607
160 4.33538
162 4.24278
164 4.6189
166 4.72695
168 3.44541
170 2.90739
172 4.67227
174 4.17985
176 3.17067
178 3.99316
180 4.61958
182 4.59267
184 4.25265
186 4.24258
188 4.20477
190 3.6729
192 4.25182
194 3.91714
196 4.68253
198 3.6168
200 4.60009
202 4.3137
204 3.51422
206 4.2382
208 4.35251
210 4.68613
212 4.03279
214 4.47701
216 3.76084
218 4.60665
220 4.61092
222 4.37599
224 4.65906
226 4.15538
228 4.45352
230 2.71856
232 4.69225
234 4.53177
236 4.51886
238 4.80071
240 3.82893
242 3.57053
244 4.61471
246 3.97738
248 4.63805
250 4.80257
252 4.7401
254 4.69856
256 3.50688
258 4.37187
260 4.50438
262 3.89185
264 4.60482
266 4.36679
268 4.64535
270 4.78017
272 4.07684
274 4.38734
276 4.65007
278 4.06062
280 4.03106
282 3.84865
284 4.18567
286 4.22636
288 4.64479
290 3.78406
292 4.70387
294 4.84836
296 3.9734
298 4.6526
300 4.71528
302 4.81433
304 4.69771
306 3.72438
308 4.24626
310 4.88207
312 4.52064
314 4.67167
316 4.02196
318 4.68542
320 4.65888
322 3.92907
324 4.53709
326 4.51695
328 4.39572
330 4.17807
332 4.76834
334 4.7148
336 4.73128
338 4.73857
340 4.53375
342 4.10237
344 4.37993
346 4.49778
348 4.48855
350 4.56798
352 4.0583
354 4.74811
356 4.14417
358 4.81632
360 4.73136
362 3.77104
364 4.60021
366 4.6238
368 4.5382
370 4.51493
372 4.67975
374 4.06803
376 4.86604
378 4.25624
380 4.56653
382 3.82044
384 4.08444
386 4.30226
388 4.38984
390 4.68534
392 4.52357
394 4.85726
396 4.83387
398 4.6826
400 4.40025
402 4.88037
404 4.77465
406 4.28738
408 4.0884
410 4.81714
412 4.87749
414 4.09385
416 4.87276
418 4.75887
420 4.09093
422 4.55187
424 4.57245
426 4.6459
428 4.747
430 3.4182
432 4.21389
434 4.50276
436 4.59617
438 4.66156
440 4.42377
442 3.99603
444 3.75551
446 4.22525
448 4.40716
450 4.48178
452 4.22825
454 4.46229
456 4.15654
458 4.05054
460 3.77351
462 4.68145
464 4.84849
466 4.81264
468 4.54083
470 4.82414
472 4.74886
474 3.55391
476 4.49681
478 4.41033
480 4.60501
482 3.8822
484 4.0818
486 4.7278
488 4.41807
490 4.45193
492 4.23951
494 4.39191
496 4.22377
498 4.40967
500 4.86794
502 4.44668
504 4.6313
506 3.93376
508 4.64431
510 4.23271
512 4.50108
514 4.27751
516 4.37071
518 3.76581
520 4.76957
522 4.80787
524 4.82659
526 4.32419
528 4.48359
530 4.73374
532 4.80523
534 3.99004
536 4.47897
538 4.30303
540 4.43488
542 4.59817
544 4.90253
546 3.95941
548 3.71686
550 4.43886
552 4.79864
554 4.71933
556 4.2879
558 4.70962
560 4.7106
562 4.59786
564 4.68002
566 4.02791
568 4.59743
570 4.77335
572 4.89915
574 4.67763
576 4.27648
578 4.47888
580 4.01314
582 4.18844
584 3.41478
586 3.92132
588 4.35692
590 3.66798
592 4.91096
594 4.52573
596 4.71473
598 4.43331
600 3.98058
602 4.12928
604 4.84619
606 4.17101
608 4.2428
610 4.6097
612 4.64964
614 4.37349
616 4.56131
618 4.31725
620 4.59863
622 4.35277
624 4.14933
626 3.89561
628 4.53979
630 4.58947
632 4.57246
634 4.63359
636 4.79978
638 4.18738
640 4.28212
642 4.17932
644 4.44483
646 4.35747
648 4.90861
650 4.45836
652 4.71596
654 4.34045
656 3.91008
658 4.46449
660 4.28943
662 4.763
664 4.16318
666 4.79582
668 4.1194
670 4.54797
672 4.81399
674 4.64249
676 4.73342
678 4.88749
680 4.57639
682 4.89446
684 4.6269
686 4.17039
688 4.80123
690 4.12191
692 4.67039
694 4.09179
696 4.57728
698 4.444
700 4.83216
702 4.70151
704 4.80457
706 4.11627
708 4.63806
710 4.87559
712 4.40806
714 4.17866
716 4.28191
718 3.85891
720 4.41386
722 4.57287
724 4.14643
726 4.20744
728 4.62113
730 4.29115
732 4.23538
734 4.46315
736 4.60681
738 4.89052
740 4.64169
742 4.65165
744 4.79414
746 4.74471
748 4.82799
750 4.17905
752 3.97383
754 4.87068
756 4.71781
758 4.15357
760 4.82475
762 4.20698
764 4.38356
766 4.77964
768 4.62099
770 4.70041
772 4.19259
774 4.70684
776 4.18911
778 4.56461
780 4.21218
782 4.88148
784 4.23943
786 4.16681
788 4.58547
790 4.87169
792 4.17094
794 4.00452
796 4.69841
798 4.70355
800 4.41282
802 4.89592
