0 0.999592
2 0.999592
4 0.999556
6 0.999556
8 0.999531
10 0.999465
12 0.999282
14 0.999261
16 0.999177
18 0.998641
20 0.998641
22 0.998641
24 0.998213
26 0.998213
28 0.998213
30 0.998213
32 0.998213
34 0.998213
36 0.998104
38 0.998104
40 0.998104
42 0.998104
44 0.998044
46 0.997729
48 0.997168
50 0.996959
52 0.995192
54 0.995192
56 0.988661
58 0.988661
60 0.98069
62 0.893651
64 0.775835
66 0.775835
68 0.775835
70 0.649304
72 0.649304
74 0.649304
76 0.649304
78 0.649304
80 0.633793
82 0.633793
84 0.633793
86 0.633793
88 0.633793
90 0.633793
92 0.633793
94 0.633793
96 0.633793
98 0.633793
100 0.633793
102 0.633793
104 0.632277
106 0.632277
108 0.632277
110 0.624366
112 0.624366
114 0.624366
116 0.624366
118 0.624366
120 0.624366
122 0.622711
124 0.622711
126 0.622095
128 0.622095
130 0.622095
132 0.622095
134 0.622095
136 0.622095
138 0.622095
140 0.622095
142 0.622095
144 0.622095
146 0.622095
148 0.622095
150 0.622095
152 0.622095
154 0.622095
156 0.622095
158 0.622095
160 0.622095
162 0.622095
164 0.622095
166 0.622095
168 0.622095
170 0.622095
172 0.622095
174 0.622095
176 0.622095
178 0.622095
180 0.622095
182 0.622095
184 0.622095
186 0.622095
188 0.622095
190 0.622095
192 0.622095
194 0.622095
196 0.622095
198 0.622095
200 0.622095
202 0.622095
204 0.622095
206 0.622095
208 0.622095
210 0.622095
212 0.622095
214 0.622095
216 0.622095
218 0.622095
220 0.622095
222 0.622095
224 0.622095
226 0.622095
228 0.622095
230 0.622095
232 0.622095
234 0.622095
236 0.622095
238 0.618739
240 0.618739
242 0.618739
244 0.618739
246 0.618739
248 0.618739
250 0.618624
252 0.618624
254 0.618624
256 0.618624
258 0.618624
260 0.618624
262 0.618624
264 0.618624
266 0.618624
268 0.618624
270 0.618624
272 0.618624
274 0.618624
276 0.618624
278 0.618624
280 0.618624
282 0.618624
284 0.618624
286 0.618624
288 0.618624
290 0.618624
292 0.618624
294 0.615798
296 0.615798
298 0.615798
300 0.615798
302 0.615798
304 0.615798
306 0.615798
308 0.615798
310 0.613726
312 0.613726
314 0.613726
316 0.613726
318 0.613726
320 0.613726
322 0.613726
324 0.613726
326 0.613726
328 0.613726
330 0.613726
332 0.613726
334 0.613726
336 0.613726
338 0.613726
340 0.613726
342 0.613726
344 0.613726
346 0.613726
348 0.613726
350 0.613726
352 0.613726
354 0.613726
356 0.613726
358 0.613726
360 0.613726
362 0.613726
364 0.613726
366 0.613726
368 0.613726
370 0.613726
372 0.613726
374 0.613726
376 0.613726
378 0.613726
380 0.613726
382 0.613726
384 0.613726
386 0.613726
388 0.613726
390 0.613726
392 0.613726
394 0.613726
396 0.613726
398 0.613726
400 0.613726
402 0.613726
404 0.613726
406 0.613726
408 0.613726
410 0.613726
412 0.613726
414 0.613726
416 0.613726
418 0.613726
420 0.613726
422 0.613726
424 0.613726
426 0.613726
428 0.613726
430 0.613726
432 0.613726
434 0.613726
436 0.613726
438 0.613726
440 0.613726
442 0.613726
444 0.613726
446 0.613726
448 0.613726
450 0.613726
452 0.613726
454 0.613726
456 0.613726
458 0.613726
460 0.613726
462 0.613726
464 0.613726
466 0.613726
468 0.613726
470 0.613726
472 0.613726
474 0.613726
476 0.613726
478 0.613726
480 0.613726
482 0.613726
484 0.613726
486 0.613726
488 0.613726
490 0.613726
492 0.613726
494 0.613726
496 0.613726
498 0.613726
500 0.613726
502 0.613726
504 0.613726
506 0.613726
508 0.613726
510 0.613726
512 0.613726
514 0.613726
516 0.613726
518 0.613726
520 0.613726
522 0.613726
524 0.613726
526 0.613726
528 0.613726
530 0.613726
532 0.613726
534 0.613726
536 0.613726
538 0.613726
540 0.613726
542 0.613726
544 0.612471
546 0.612471
548 0.612471
550 0.612471
552 0.612471
554 0.612471
556 0.612471
558 0.612471
560 0.612471
562 0.612471
564 0.612471
566 0.612471
568 0.612471
570 0.612471
572 0.612471
574 0.612471
576 0.612471
578 0.612471
580 0.612471
582 0.612471
584 0.612471
586 0.612471
588 0.612471
590 0.612471
592 0.611955
594 0.611955
596 0.611955
598 0.611955
600 0.611955
602 0.611955
604 0.611955
606 0.611955
608 0.611955
610 0.611955
612 0.611955
614 0.611955
616 0.611955
618 0.611955
620 0.611955
622 0.611955
624 0.611955
626 0.611955
628 0.611955
630 0.611955
632 0.611955
634 0.611955
636 0.611955
638 0.611955
640 0.611955
642 0.611955
644 0.611955
646 0.611955
648 0.611955
650 0.611955
652 0.611955
654 0.611955
656 0.611955
658 0.611955
660 0.611955
662 0.611955
664 0.611955
666 0.611955
668 0.611955
670 0.611955
672 0.611955
674 0.611955
676 0.611955
678 0.611955
680 0.611955
682 0.611955
684 0.611955
686 0.611955
688 0.611955
690 0.611955
692 0.611955
694 0.611955
696 0.611955
698 0.611955
700 0.611955
702 0.611955
704 0.611955
706 0.611955
708 0.611955
710 0.611955
712 0.611955
714 0.611955
716 0.611955
718 0.611955
720 0.611955
722 0.611955
724 0.611955
726 0.611955
728 0.611955
730 0.611955
732 0.611955
734 0.611955
736 0.611955
738 0.611955
740 0.611955
742 0.611955
744 0.611955
746 0.611955
748 0.611955
750 0.611955
752 0.611955
754 0.611955
756 0.611955
758 0.611955
760 0.611955
762 0.611955
764 0.611955
766 0.611955
768 0.611955
770 0.611955
772 0.611955
774 0.611955
776 0.611955
778 0.611955
780 0.611955
782 0.611955
784 0.611955
786 0.611955
788 0.611955
790 0.611955
792 0.611955
794 0.611955
796 0.611955
798 0.611955
800 0.611955
802 0.611955
